train_dataset_ids = [
    2, 7, 16, 20, 51, 197, 224, 381, 382, 405,
    416, 422, 488, 503, 507, 513, 567, 580, 584, 703,
    725, 737, 750, 757, 773, 796, 802, 805, 816, 818,
    831, 838, 852, 870, 871, 918, 925, 930, 934, 940,
    947, 950, 954, 967, 980, 983, 984, 986, 991, 993,
    995, 996, 999, 1000, 1002, 1012, 1017, 1018, 1021, 1022,
    1024, 1026, 1047, 1056, 1067, 1068, 1069, 1100, 1116, 1442,
    1450, 1452, 1453, 1455, 1466, 1467, 1472, 1475, 1482, 1484,
    1493, 1508, 1511, 1512, 1519, 1566, 4552, 23380, 40474, 40497,
    40536, 40588, 40595, 40649, 40670, 40686, 40693, 40706, 40966, 41470,
    41476, 41482, 41487, 41488, 41489, 41491,
]
